11
7
id0
id0 0 0 9 7
id1 0 -1 0 9
id2 -1 0 2 10
id3 4 2 10 10
id4 -2 -4 6 1
id5 -2 0 8 1
id6 2 0 8 7
id7 3 2 8 10
id8 -6 3 9 9
id9 -1 3 2 6
id10 -3 -3 5 1
id11 -2 0 0 1
id12 -5 -2 9 9
id13 6 1 1 1
id14 0 -9 0 0
id15 0 -4 1 8
id16 0 1 2 4
id17 2 -2 7 6
id18 -1 -2 2 6
id19 -3 1 5 2
id20 -1 1 6 7
id21 0 -1 0 4
id22 1 1 4 5
id23 6 2 2 6
id24 0 2 4 8
id25 -2 6 6 8
id26 1 2 0 7
id27 0 3 8 5
id28 5 -2 4 3
id29 -2 -1 1 7
id30 -5 1 7 4
id31 2 -8 0 6
id32 -3 -3 9 2
id33 -1 -2 3 2
id34 -3 3 4 5
id35 1 6 3 4
id36 -1 -8 3 3
id37 -1 0 4 9
id38 0 0 6 2
id39 5 4 1 1
id40 5 3 2 10
id41 5 1 0 8
id42 0 0 2 10
id43 5 0 10 6
id44 3 -4 6 4
id45 -3 -1 0 1
id46 5 0 8 10
id47 0 0 9 4
id48 -5 0 9 5
id49 -8 0 5 0
